coefficient of determination: 0.7158756137479542
intercept: 5.633333333333329
slope: [0.54]
